18205
1763
21886
27347
26259
17034
31152
2312
15061
19302
6009
10969
30492
30618
7424
29730
9452
2927
23286
23069
28321
10651
17356
13771
30795
6340
11043
21910
15035
576
6532
21044
5342
3615
2129
10958
1866
107
6651
27746
19991
15278
8822
26726
19696
19637
5098
16046
361
25492
9132
160150000
285630000
240420000
152120000
254130000
155670000
18022
2736
28562
27871
28042
19585
27816
30019
32687
5475
4169
6850
15434
15755
20013
19783
12909
15181
6308
30190
9873
468
5244
27487
1426
14357
17445
91
2299
23557
28179
24724
28804
9738
16996
12226
29913
16560
963
7923
22429
10398
14220
27682
13487
18632
8496
12
30892
9958
3292
7743
8373
13348
11605
23412
10098
5659
4391
19998
17238
31744
29438
11587
23077
21531
26964
20875
19892
30075
14668
19607
1521
4585
20702
2707
23586
1050
11317
12815
19314
20009
10837
13834
2729
23620
5377
20048
29499
24485
24540
18951
22916
21955
25294
28804
14930
4042
5033
25699
24996
20041
781
15574
28337
17707
8329
18749
22828
7145
2562
13047
23495
15870
27225
29048
26614
3994
11080
17564
1781
23194
32397
10555
19468
1976
587
31742
15378
30719
1197
15985
20016
4739
10956
12889
27111
23118
32467
16199
1620
8349
10593
22125
20147
10061
23086
18609
28707
18320
9202
17152
29864
28900
20354
25829
20342
5190
27196
9562
32365
20386
5030
31198
25824
28047
20050
29639
17306
3385
22533
18394
29219
1694
19735
29721
15679
24318
6941
30684
3768
24972
1734
21027
16989
12394
18691
14891
19531
25044
1899
17983
5227
32156
11229
29905
11068
28374
24423
19401
15315
15828
11366
541
24352
9813
3055
26530
13426
24057
25198
32546
25405
7928
12173
32430
27164
19220
30040
10805
24338
15052
6814
15446
1301
3283
19610
20851
23245
2496
9170
2311
1689
28679
4160
20793
17363
15400
20656
4273
13653
16678
31081
8874
16699
9531
19983
22856
23019
5834
29384
31276
22611
19861
14494
26951
19314
11312
2341
30187
24858
5558
13661
32296
19444
19386
11225
23637
19140
26752
23073
21229
13550
18797
15702
27293
12346
32189
26132
30362
29652
3444
29596
13112
15511
11415
18995
12985
22154
11931
2245
3170
24491
19998
462
469
10220
7381
15227
3738
21116
12230
15116
5631
7239
23479
8060
8994
27584
5606
20324
28492
3550
19706
15901
8832
17508
20026
3108
596
2406
2813
1731
768
11273
21089
19182
28341
10890
21312
3948
5936
28034
31328
23095
17806
18536
234
9508
23650
25431
16158
13766
24581
29201
5956
11408
22829
23621
3302
3899
17857
15117
23612
21095
3052
20411
9704
9861
9073
22485
740
3060
26942
25182
5304
29290
20803
2647
26096
26518
27268
14982
11981
6404
26989
24182
21051
11584
11366
9407
9987
14398
28328
13959
24898
20217
7503
2121
12314
32347
688
10198
25511
10589
15340
11161
12084
4719
11462
10014
23471
5146
26033
18646
32347
19684
12333
1300
1989
17012
13652
29276
16121
16374
29360
15069
31989
29633
29008
18236
15454
4151
29467
1683
20850
29677
2660
30650
24126
7437
20414
22469
22289
27640
10769
6605
11056
31023
23789
3060
26059
627
20767
19875
23344
13099
19330
31510
13887
19463
1560
12827
31262
28131
24409
21526
19502
3054
5067
10569
6717
18699
13779
18770
28925
17527
22475
27893
5812
6572
7252
3356
15926
6022
8430
29468
26129
29349
30406
7738
14343
30482
7630
8814
31937
32037
13843
25703
30657
9638
23372
22222
16281
8498
24238
7375
26202
1760
21256
13782
1616
32293
7947
5782
1772
16373
2537
21328
11778
13099
30243
16210
20789
10283
16027
9662
15279
30662
27121
32652
7189
2398
10252
19154
3769
1098
19959
26435
6162
12411
17391
7158
9066
19040
6586
10858
22999
19976
13626
4806
25964
32135
20289
28005
29872
9882
12967
32145
4687
27534
29082
24975
9488
4957
1334
989
11271
9499
2901
12727
2828
21136
5801
31455
31596
30247
17672
16030
29918
10247
4102
2566
8888
11903
3017
11131
14690
19879
2073
8050
16395
14916
18359
14967
8860
13293
16880
13429
8170
2668
8817
31026
26672
4711
31581
25113
32700
19776
23965
15676
14824
18489
19320
17817
24652
30428
14691
28828
23090
3226
4378
13542
26698
6578
27375
11853
18592
28500
29026
17188
22218
3846
8947
11964
31846
10568
26164
5418
1476
28531
9250
1099
11999
15591
23733
1542
31890
23397
27062
10193
13832
26298
25553
7031
4725
5022
24043
21784
28419
24027
27318
19057
8464
25010
8322
14173
14486
25722
3926
2972
18154
20618
23871
26068
32170
10329
31976
16341
14832
13540
12907
12321
20428
29520
23143
25772
10738
1489
10067
15072
4527
11210
18705
6372
13090
1334
12998
27678
12712
9542
29418
28919
24728
14411
20891
10206
29745
16599
10551
7055
16080
12319
11561
23701
20070
23972
4867
22029
32298
8723
20942
24494
20619
6505
27549
12550
9577
20570
30057
6662
8324
24820
20760
9409
21557
17024
19935
1137
1116
20649
8906
30139
5529
19936
30617
29748
31935
25854
28622
26915
17029
28203
27652
14217
28543
31487
30082
18782
29773
28136
2064
542
25107
8396
11786
14980
1833
24303
8882
10645
17427
13846
28362
24289
11443
25325
13155
12806
18877
23718
5872
19317
3692
17379
2206
10873
22131
14550
19944
19573
55
23718
3685
22893
30523
533
20965
31175
17115
20833
9405
14675
27966
25447
22111
7050
22150
6158
1582
17683
18505
11235
29328
24204
23877
20737
15940
5254
4431
20276
8182
22737
3469
28510
12304
18683
1253
13849
18644
24083
13493
12701
11432
18866
24005
24293
26288
9277
18810
27149
6562
20580
12108
19967
12502
14318
3705
5966
10141
17849
20475
20066
23252
16636
17592
19670
6329
28112
21498
542
25341
5871
28190
27501
5914
25787
6032
17109
28902
9602
8183
10673
7016
27392
22956
21056
17387
8485
25969
27794
25426
537
26208
23208
12715
2942
12833
28631
30727
22773
20832
16237
13448
2019
25726
16023
17595
2165
16519
15746
2600
32737
22629
31681
15656
8175
18003
23535
25079
6073
2452
31381
5130
430
19556
11341
7075
29405
17967
10024
418
3953
3585
23374
5534
18551
28990
16100
6708
9960
8851
4403
2975
18403
21804
22790
13449
28218
6183
8787
1313
19760
1609
16158
24686
28801
7664
3995
21475
26019
21833
5523
27955
2636
16067
22280
8807
9268
20932
21532
45
9756
11162
5167
4723
17935
23732
3656
15156
18664
5650
28854
27538
10004
19194
3063
29478
28313
6893
25816
22932
1623
6105
12766
30306
13966
15504
18405
15114
6817
10105
14855
25421
24602
28037
12479
32715
30445
6501
15438
3793
5889
11003
9822
6002
16108
11022
1766
31449
4095
10049
8269
28637
11138
10822
18130
23766
30016
1103
22315
943
24391
30661
108
13373
8937
7741
25899
30927
2822
6568
22498
28935
13198
26057
13972
20200
25153
24045
10676
10799
23737
19158
19010
7655
24491
3320
29495
25656
7018
14056
16931
25728
22956
11281
2837
26533
12433
6057
17339
26281
26337
20451
10698
10110
28053
31078
10400
7196
4762
32511
16937
14290
20689
12690
32511
11993
24922
9303
10709
21551
29202
6466
23061
2466
9562
4547
4552
30251
16155
22448
29367
30334
8967
4736
20175
31711
2081
15545
6090
19767
1407
3499
29196
24167
23630
11103
28363
12764
8984
14539
12659
30820
13890
5191
1097
25408
4569
23109
8270
23674
30862
60
11366
6521
3070
7141
14265
15314
14903
10922
13146
29793
9336
27996
12071
23705
25401
11300
24048
31256
19307
30396
9435
8318
6401
13534
14854
9600
8879
6909
5743
6968
31474
22324
16145
1215
8784
2684
10576
14590
12001
25121
16023
26561
3342
25975
17216
29965
15769
19401
9396
7860
13534
28306
29395
8230
16216
11247
2198
18570
3942
19797
10226
14094
22607
18047
3328
12667
6788
24747
15452
18700
1318
9734
4299
16768
4296
8549
19488
28270
14198
17973
12128
31449
28150
5301
24100
20228
16973
20067
4415
2183
17286
20147
23713
14499
5806
23559
3195
23763
23843
1244
23972
17827
20495
23873
5436
24517
13615
12430
15247
4962
4313
31570
32315
11694
14653
16781
32150
2239
12011
5408
2378
26015
24213
24705
4162
11424
12310
18867
18378
2031
1716
16758
19953
3180
5794
4795
19250
25785
13257
1626
22356
12945
32201
28423
9615
6748
3386
12675
15344
11520
1591
7439
14847
9209
13341
10278
29342
9132
4752
25963
23860
30712
26559
17633
8715
32527
21481
30042
17911
13956
31265
31282
14649
7845
9806
18748
19874
26634
5237
1277
22524
8046
15675
10008
165
19390
19365
12042
1917
12912
8227
10519
32514
13846
1229
8580
17082
819
30444
22535
11474
32589
10684
18300
20228
11843
9840
21977
12990
481
11639
16484
25728
18354
15614
6180
20101
10517
24758
25237
9895
29075
11991
12960
29565
3952
5733
19913
27846
640
25266
12715
15114
11580
6180
3489
23166
15381
3640
1223
9513
5897
27335
19489
18501
4467
25224
31001
10472
19495
25303
5167
31715
32190
2228
17388
5354
5423
2319
9239
12534
27296
28227
7468
16360
29307
20192
20490
29039
9923
25005
27116
2347
6825
4845
29850
15891
27738
32482
30433
10516
2332
30096
31040
1786
30617
27587
17124
20884
7290
32083
25303
29715
11576
25767
22900
7860
17711
2936
30238
32159
20725
6359
15665
22286
17385
8306
27193
21681
19471
22291
25186
31826
30747
28777
11056
7093
971
2571
14704
11202
15994
18362
11375
28389
16371
1254
18793
20150
24451
16244
19268
15573
8530
8127
23166
6936
3570
16861
16741
28393
10297
9251
12422
25577
30028
24299
10087
25050
19197
2452
21881
14779
22615
28875
1864
11828
7286
521
29685
23349
16285
4189
32486
16603
642
22124
16828
30099
14316
22966
29317
17281
31872
4891
31283
13603
8408
157
20302
21809
31190
1127
26853
9672
2872
13583
24010
4808
16492
792
1023
25467
10149
22459
9323
28535
25390
4326
5841
6853
17663
32390
23043
23874
18574
17666
31827
22854
24295
18695
26699
17796
16639
2187
27038
11825
15429
1292
32349
20841
11643
8985
18542
6862
7620
8980
13115
626
13822
5942
8615
21239
31825
31443
14406
6900
4104
20192
6093
19867
22432
24498
7111
22169
21791
6152
29066
9534
5288
1356
7018
29406
26955
28950
13356
18551
27681
13298
1726
1939
29081
9571
20005
31344
26893
19752
12726
12127
23193
14781
20873
9066
30508
8229
30507
57
28383
10471
16019
28983
390
3671
19287
21488
32133
28694
24096
18365
8422
32732
24156
24740
4264
27509
11314
378
23129
10250
20155
8522
13287
674
21103
32763
28083
6632
27613
3628
19175
9519
12960
3171
13322
11443
2190
9575
30673
5922
306
2026
3640
12379
23933
17259
4562
3445
28600
27739
25437
29187
31677
19327
11162
6806
26471
7317
12124
4228
20295
8250
10718
27368
21400
1291
8537
8426
12661
27659
27094
20801
31818
3141
19009
8950
2953
14770
30656
9066
28830
21340
23363
17818
2340
23748
21851
26274
345
18049
29775
31616
23247
10795
20589
19483
19301
32119
670
24452
2166
163
26941
32123
21072
27669
12073
26933
21480
8511
18713
14684
10956
25285
23856
29016
11096
22498
18642
16333
13613
24328
14517
1636
11231
29638
1851
3791
26606
11247
21759
4359
13304
4089
4013
28376
10796
21155
23320
18592
1538
11226
4230
20308
15913
23262
18510
30659
31425
5025
8614
29471
15307
23408
15542
4281
17374
6356
6897
27916
6939
23227
22948
4605
15971
6867
31439
27745
20167
32567
12341
15040
21823
24397
23727
22872
28319
4078
16325
3941
29640
15048
32639
16800
29211
17665
1145
11782
2100
2333
23606
5338
31444
26658
5558
29421
5662
30202
19531
12573
12039
17688
21672
27932
22792
5471
16443
16243
9237
27199
10941
8902
30419
19489
1543
24665
22790
14597
22567
9683
16968
2153
8115
10306
16641
18029
21085
30816
3475
18998
10696
27669
24021
2960
12954
16700
3267
31703
20947
23978
27252
26135
13405
20588
18508
6770
23779
30801
5490
26818
17383
29609
8068
11904
15887
15691
19338
31717
7360
6877
23337
5198
15598
16463
4634
19941
30771
19625
20442
5246
11294
1031
29090
5055
19405
27361
4249
19588
12222
9872
28745
6529
6114
18190
12623
26410
5107
24062
7255
8911
17928
1772
6472
9484
13159
17621
9916
7008
6042
22762
26035
13596
28101
30353
3464
6015
9270
30893
23588
23839
11838
31775
22129
9354
26687
909
27921
29230
519
2145
22865
26998
25436
7445
18008
8502
16088
1199
6821
5961
18168
25479
30136
1913
14703
27984
13838
10654
13504
13398
6995
6922
3083
32261
22740
30501
3367
16555
11315
25429
27890
11903
19550
4641
19941
29153
17601
405
5356
32483
4283
30952
116
7689
2895
2396
13765
5197
1821
5734
14482
3174
8848
10511
206
9546
11352
4762
8898
18930
11291
8807
15709
13917
25447
29463
8907
19927
23276
4849
28489
9851
20456
2948
567
28151
5602
3214
3438
2959
16539
15901
11989
9061
10818
32244
18479
24311
10727
3120
2359
7913
3634
27436
24559
31237
12373
30369
17205
11648
13119
30226
2967
25214
17170
11879
20072
27865
26840
14040
28435
26398
18034
5388
23216
20441
20176
25730
8661
3091
20072
3377
25775
29464
22496
19819
17745
18302
26894
6919
21579
16738
23587
8127
11135
3573
31011
21719
11056
26680
15257
512
3420
12035
8328
9083
17228
7244
4260
31617
20841
422
15042
21219
7505
11784
29326
11502
25130
24784
26492
29329
16183
28167
18433
22722
5288
30695
9474
1565
8887
24986
10637
15310
7920
24389
31431
1458
13264
18245
21541
13753
7826
2233
13279
11919
24390
27456
11170
16763
12067
31748
10630
9095
12574
19447
19775
15841
4284
25436
7575
23937
804
3722
12828
1548
24184
26604
9493
27640
15205
17229
25019
23026
21753
24146
8870
1404
6837
31304
13446
5851
10468
17184
20755
26672
6955
10168
9799
16357
28000
1885
24010
2634
24223
22669
14510
22144
2715
11521
4956
6807
11571
14059
26062
755
17478
13180
5119
20724
967
24233
8864
3286
20500
21551
9229
3797
12931
468
29055
9109
31806
3824
1155
20418
2898
23853
1195
30451
26114
1675
23939
27093
8289
31911
28870
8069
16416
11580
14546
7741
4772
20458
28506
22323
10587
16694
3163
31166
28753
3795
12625
443
4862
6432
21674
1327
9059
28145
16763
1326
14165
16530
16242
17915
28696
8969
30476
29296
8239
25756
26119
3744
883
14739
30747
32188
15715
4159
6117
7987
4539
14139
19492
18205
2888
14578
13607
5594
1274
4193
32390
29430
18747
6943
6417
12112
15231
27802
20742
4732
16412
26275
5255
22373
22109
15149
32330
23607
6353
15185
30867
2428
6121
6038
3167
13445
17090
30064
12514
267
21056
32262
12084
1558
27228
19000
28232
14878
26047
20449
15133
27248
32655
13401
24888
16852
20361
10303
10065
8813
19536
12405
1101
22240
18436
107
8300
24249
6935
18849
30404
23050
29020
9319
10990
22612
28001
30184
26367
3755
5631
30566
21945
14614
16943
17095
3331
11061
30495
2129
31895
21542
27782
20914
13563
14760
11060
30275
6834
11905
31213
9357
22963
18462
3191
9485
11546
22394
10482
14900
20254
26945
14184
16818
9539
4404
28581
31476
31952
1231
6473
5867
27524
18729
4635
29968
10373
30749
3744
12709
29081
24743
18669
26941
20632
1680
4537
21886
21794
17742
30646
10022
5773
6694
31010
16716
4641
22931
29592
14825
14728
21483
17965
17302
17792
11584
22968
25751
8403
27780
881
7961
32649
1521
30142
28344
30300
25768
13129
16196
9836
14233
14422
16581
20788
1442
20052
15548
26813
19707
15793
20652
28689
12753
20979
12761
16371
49
25605
24144
973
1320
24270
24359
746
809
29192
6
2533
17838
26448
8167
2146
6178
19833
32537
14075
9215
28198
11915
22910
31284
16792
1095
29013
19401
21700
14653
29765
5573
21929
5186
23388
17488
14816
18008
7716
4373
13173
23600
28189
8426
26613
26861
18026
9395
7624
20011
9163
387
21441
17728
30923
17413
30452
3521
12859
25371
10952
25929
24542
5572
22349
11381
21862
16451
29135
23859
22431
15486
13227
13885
10731
420
13153
16352
4078
28434
5099
3586
6026
15992
15949
25443
16142
24887
22894
6691
19370
19726
29734
30085
25639
31734
5528
16626
17364
9034
10178
24641
6596
26155
28754
13621
26678
1827
3003
32327
30805
23816
7817
4774
13858
3876
12529
8061
2222
23698
26797
19060
31372
29419
5383
23929
18054
6179
16691
24512
7311
11181
16609
16392
13049
17126
27411
29729
30696
25776
30508
12715
30471
10333
12362
9248
18297
15312
29398
17429
5651
5342
10330
13244
8136
20986
13714
17582
12388
3602
3781
2791
31102
11188
26197
8466
21927
23413
10646
520
19432
24979
16348
7059
26476
24281
16344
32375
14201
8387
3876
20403
2981
15587
8220
24324
16454
31619
16880
1707
12074
21900
14071
14448
6280
2471
1350
23527
6199
3233
13698
25074
31518
22804
29682
12679
2284
25156
18392
20915
5641
11847
21762
29919
29132
23401
23452
18771
1262
5326
27208
13048
13374
14937
30321
21090
23447
16333
20187
32013
29967
1842
7295
2791
16498
14971
26007
7439
32495
26725
18165
16861
5904
26786
22424
6690
13552
19255
27265
25521
15016
22307
8899
3358
5386
23617
3546
14021
18578
23663
14397
17678
19097
20464
28727
26608
31436
2319
10994
15284
20701
31493
16341
26364
4728
26653
28175
23043
9593
15126
24692
4902
21084
4041
9097
3236
2804
12044
16858
14242
2400
469
31380
10354
23356
16291
17999
22548
11540
23577
7724
7933
27166
30700
14624
19736
1064
22784
13199
779
30671
11726
21789
12475
24818
8201
26817
23826
13158
31361
23323
6912
27627
26183
4871
20415
19807
786
14450
11868
32306
24289
23916
3187
6682
4322
15743
29754
3080
31635
1855
6080
17498
31271
25635
2423
8018
32043
12947
24049
4039
23145
9794
6887
25114
21517
17086
6015
11116
6918
25670
12750
14606
20655
19163
32156
5177
19375
23449
20584
28160
9246
3144
20140
1922
19177
11567
24163
27236
12407
1320
8903
1407
16012
29690
25951
469
10606
3810
4153
25546
23623
27507
7541
19601
1227
3233
8195
28644
538
9752
18860
4600
15080
10706
4695
8624
7899
21480
25733
17169
22324
10408
29471
24054
27314
6377
7281
1284
22707
16539
32374
18657
28573
29602
8278
19361
25212
3301
21805
10369
25069
13217
15374
984
15418
2820
328
22346
18630
32759
17639
20031
8876
10555
19070
18067
30371
28087
22052
18832
26661
25872
23229
4377
20944
9851
23931
27943
25868
31183
12964
7546
27886
7903
30613
29576
14428
7942
28167
20666
28530
23811
7313
21719
22565
22279
22638
20672
20006
20237
7297
20831
29193
19818
20886
22234
21415
12709
27627
3084
7105
17800
495
4661
30950
1655
16457
13552
21398
6401
24348
6758
3495
6837
31881
17346
20712
17975
118
29157
12549
7571
28046
16986
9386
3792
17289
6284
6635
18121
22190
10038
10724
9784
16534
11804
12188
3348
20018
16377
17968
28701
3856
9400
29229
27829
27097
11238
31293
20209
23071
872
13062
15856
15189
26217
16975
619
17695
14487
7524
7054
7373
24975
18108
5638
8225
31893
3802
22876
19801
12425
23665
24449
27753
17430
16331
2730
23945
16941
21867
3421
12527
17074
15346
6348
27614
11125
8511
17763
7903
32099
10970
27037
12623
510
15763
21275
1561
27914
26726
5623
24005
18057
30370
26198
6578
12522
27979
12348
17567
24446
30652
24997
1136
20779
1936
6865
22831
9060
11203
14559
19794
4440
25365
28317
31548
29546
28079
24479
3078
21218
25097
29070
4990
26082
2315
18371
28016
1947
17779
7444
37
192
2678
28654
2090
13371
9642
13477
20818
1056
24611
519
254
735
15068
27703
21916
17597
19033
441
32622
25989
30091
7881
30349
5754
7156
2801
29229
18577
26380
5338
25890
18141
19170
8291
9124
21835
31238
23280
5711
10127
20647
2564
7789
17502
31481
10259
3960
10462
23257
17297
25051
16475
28852
21583
761
1083
19365
31495
26224
22580
17629
24374
15519
30396
2632
7977
29286
449
15470
1627
24108
2971
9111
32254
15911
11327
16434
27608
27607
30389
14967
29520
26836
25292
30028
19657
10442
32524
18533
10030
15554
32492
9648
18382
17315
31045
11760
23659
17400
27399
30887
13197
21235
21035
4922
20252
11442
29928
31568
1326
8642
10538
6267
8990
32226
12352
31002
18142
19465
31444
22142
25230
7082
26913
9291
7757
11062
23392
12065
3151
7139
9859
3708
25391
4780
16678
28121
12935
27288
15555
28955
17855
23616
24357
14380
10530
16011
28703
17895
1335
17597
3965
20022
17486
23984
10043
12151
13913
6240
19957
6949
9981
12718
11679
12724
6633
12125
17014
5564
8551
11361
1590
14938
816
14937
23438
28884
8069
31834
19921
31099
20091
24302
30958
7126
10135
4444
11682
2556
26522
9258
9708
4930
26782
28897
24002
27158
24674
12048
25602
299
22755
23187
14251
17367
5932
20245
1357
11705
25710
15572
22718
1438
27987
23204
5903
16293
11152
31031
21694
19106
3514
23451
23597
19649
20826
30980
30803
4972
17219
3020
22450
14958
23075
4536
7049
20056
24409
8573
26442
28195
6662
14723
1102
12312
12391
27624
28104
19949
13154
3016
22776
23601
2142
16316
3489
4330
9560
7584
8892
23932
21299
13210
29550
24524
27216
8791
24632
28326
15711
11416
12398
17756
9845
24558
10218
4784
27230
15041
9473
28404
26164
29591
23222
32112
15152
17811
31534
15620
27841
26172
26212
19471
9435
2177
12574
9103
4754
4345
6176
3465
5863
24431
13215
23211
13282
20893
32504
6960
29153
25400
2210
24324
12079
3885
24161
16680
3544
22059
2493
16985
29628
3681
12467
14060
20707
24713
11946
19453
8208
5669
14761
26568
21913
7432
26566
26967
12405
25625
10466
2910
8599
30036
2195
28259
15738
28945
19554
3617
27646
20105
16951
9775
19058
1430
21265
18909
29682
1466
11770
13151
9203
7779
7995
3629
26396
15469
26572
16553
20056
8425
10510
30978
22569
29981
14524
345
1087
24523
28959
7971
17737
32695
20866
463
17675
28515
742
1192
11952
13853
5367
18428
29538
19003
1854
25982
15641
2214
29335
17385
944
17813
26342
19942
30782
23195
20742
4144
15011
21988
32002
758
3425
11964
2184
641
31662
9040
22938
15126
9671
9145
28039
3102
10118
28214
5146
9860
19767
16569
27409
27231
2728
17318
11728
18385
26751
4567
11607
10030
23504
483
1138
7265
15343
5280
23599
27020
19075
11494
21653
5359
476
29846
26003
5643
7559
4827
19511
24071
4383
6064
22561
16210
24933
16547
11574
30858
5011
31448
19865
26269
9966
18000
32727
8750
19611
24171
25953
3130
20915
19372
21824
3579
28570
17085
20228
4108
30348
29875
6653
27855
1656
13458
25774
25100
18962
5652
30847
17882
26660
27046
21938
707
7972
14772
19352
7971
16140
11558
24837
21457
30054
29483
8449
30209
8102
7221
8128
14441
6077
1093
19413
1955
12011
12904
24482
1491
19157
20865
1811
27017
22743
9802
3468
17385
2971
9878
10271
29193
5867
5593
12291
15770
24003
19177
24897
28875
18091
774
29105
24938
10819
26137
5157
14156
4128
8249
15332
29168
11734
13427
13402
29023
23638
27851
24845
1622
30587
2942
14803
19879
23519
8586
22339
23261
30451
11888
9065
30239
7503
27961
702
29015
6982
29367
2390
22675
13246
269
4188
427
318
13426
16316
16164
27977
27953
24607
14932
12779
6900
2332
14535
6545
19779
32684
20706
28958
11592
22751
20934
24634
17621
13518
25207
7149
13992
9681
7230
10094
19437
6130
9291
5941
31492
19617
2207
2647
19333
16041
25641
19987
15233
610
3631
24488
2571
30248
22768
16490
2807
22285
9096
20501
26594
3531
17171
8545
29299
18429
1813
31959
27615
12686
23834
1506
26035
25201
22425
13865
8142
21650
7198
8988
1964
30221
31912
16845
15595
11167
16464
7426
16135
22361
24364
12680
10345
14236
13683
25802
6816
12865
29154
18850
16366
24600
17246
10094
1542
27796
2522
30567
30228
7620
3707
19502
19966
6277
1786
22440
16105
13559
26699
780
29952
30509
19580
19770
19568
41
28639
25423
22455
2823
2411
10102
6943
19064
608
6657
8581
14962
20778
22712
20063
14886
31624
10352
4350
563
1005
15584
23824
19225
17959
12977
3176
14320
1854
28628
3586
22874
15519
24088
1601
23734
20089
13308
17532
15254
22888
16321
12729
32627
13137
26820
7352
28064
14221
23307
1844
12157
7753
4382
22629
19181
25388
12312
6345
32522
32571
27133
6948
22807
31226
23118
14022
5557
5588
4315
30476
8794
7101
16089
25641
21248
2582
14900
18726
8218
10961
19239
6952
204
21717
30729
26098
13659
23716
17258
25002
5603
30779
4190
5600
14664
6714
8473
11724
2158
2116
25532
25047
4525
12457
367
6750
12415
834
25520
12210
23932
20893
9194
27491
14985
31322
6474
11966
12108
25557
30926
25236
10723
2566
15263
5181
22485
9125
16288
25565
27464
8849
22087
10214
16501
4978
13740
27102
30554
8349
32735
8291
21934
15417
21631
19052
1306
13728
8328
20433
422
15880
8301
19214
19570
8291
18535
8260
13990
12420
1804
1408
22699
13698
5667
24640
2460
21345
19895
7219
27383
14319
11626
24385
23705
3821
4108
16075
27881
367
15724
23092
6483
17542
20078
32416
29432
31515
5982
14331
31651
28446
3204
29502
20223
26081
21753
5613
27656
5054
32697
12004
12992
29440
3832
9300
27171
513
19898
777
25180
11407
9118
21230
1849
25748
23290
5330
30429
11766
3373
19820
28853
8637
10545
16797
12461
11380
18544
18422
2723
3025
17881
21370
23067
20376
19250
7077
6709
25020
18608
1453
14813
22983
2757
13063
66
8061
25145
22829
5513
8380
4732
18079
962
7847
31291
14631
17435
22020
10801
26978
11347
1761
24128
28540
20594
8062
3264
25915
11448
3687
23
26943
11219
32737
11913
26504
23893
2695
17490
19256
28772
3893
5106
32154
18099
20517
24777
22116
13234
856
14307
24889
15362
25656
19221
7282
26924
2171
585
5406
1426
31818
14102
1095
21670
27043
20116
20856
7001
20220
9582
7803
3287
2345
568
16487
28529
13439
515
18907
3546
10554
13103
2692
18583
5916
21121
10213
23473
1111
24181
13143
11437
13229
29910
24910
13501
13782
11915
17887
23352
10786
28084
14975
21576
29279
20982
20750
22499
24061
18194
30740
17660
4208
25021
13386
1274
9942
32428
4956
17257
24794
22510
15341
19951
20696
1150
16091
12418
22338
5657
3525
25049
27970
18765
15051
5152
672
31699
26005
32240
29415
23838
31127
12158
21955
3380
8595
18451
11950
7613
5215
8124
16331
10585
7912
14658
1042
30007
3959
4188
5294
20708
26163
6180
32163
10336
28392
32200
17844
31863
10246
898
11652
13646
6893
1994
27131
829
2407
3274
24043
16860
5238
21522
5876
4449
16465
25229
4517
6697
31145
179
2275
11924
48
2817
21647
16150
23132
9894
7011
21643
13928
11904
23581
1227
23709
27718
4576
5503
5839
29191
30679
16691
12586
10195
12315
21164
30767
25016
20951
2683
22521
4592
8874
722
197
27480
32588
1431
13489
2084
14197
2231
8900
26833
24826
17597
29487
24412
26169
6563
26834
15026
21432
13799
15362
18023
10505
13282
4746
29354
12529
8534
14575
14457
9417
9542
249
3601
7971
14346
26990
32681
8625
8610
29473
16479
12899
12875
18219
18291
21456
26960
4729
19891
23767
32291
14983
16182
29574
32684
20330
30029
12090
32225
24340
19639
9736
29079
3540
27668
26972
22167
6172
20124
13792
11253
8583
26385
23200
20125
29978
28402
7019
25135
6859
13810
4732
15373
26175
1449
21850
1202
25304
28040
24828
837
16623
2834
4401
18285
10334
8777
10047
9576
5186
6759
9162
14423
7167
13007
30712
24284
19844
1091
20947
26087
31952
8791
2031
21965
11444
28966
26700
5531
29915
835
28285
22697
2313
5107
9482
2674
17824
29081
13844
11426
25960
27761
28471
23409
17551
7553
15541
27696
21743
6605
24528
23073
10128
26059
25719
30092
12142
15638
6693
2319
8572
614
5127
26934
5608
27584
29789
8780
20129
16106
1826
14448
18199
12834
28655
11755
28994
17679
28445
17344
17381
9720
554
10373
32276
30516
25437
2418
17396
2274
11437
14776
30914
23258
8672
25619
31254
31459
26096
31395
8297
4902
8114
22776
10453
15586
20921
19564
27677
27490
27001
30389
1773
812
18856
16058
22371
29052
21482
17318
29645
22512
13740
1595
32437
8325
31824
15466
31771
3522
13451
800
3073
6963
6412
25186
11821
16921
5215
22428
29482
30304
6672
23094
16016
28625
6931
3689
32389
5001
6499
6737
31876
4522
7914
20803
11101
2896
7073
10592
5757
21703
28408
12138
22128
10235
8312
27863
11940
23343
2983
29732
14448
28658
812
1900
16212
3663
12083
3385
12931
16453
11027
18330
20382
375
9774
374
27331
30499
3097
9759
30662
25688
30718
30506
14526
11876
30526
21631
13764
1420
24410
19116
25079
1537
15123
23423
4548
25871
4816
13523
9828
32406
5185
18858
4773
22206
23874
380
7406
25575
28162
29135
637
13535
1636
22024
24564
18264
29349
14721
788
8857
2880
2011
2504
2675
27662
30614
29285
24183
9906
734
304
31078
29748
25256
7969
9449
10732
16382
5606
30082
30114
3991
19755
8899
9459
19371
27929
12222
31734
5
2588
30652
24352
23642
15850
29490
21605
16601
20929
18672
8096
30979
24047
32668
32309
6333
664
25439
17909
12196
7604
29662
27458
18080
8791
28268
12915
23484
30005
18557
4218
20533
29285
11870
32451
31952
101
23076
18016
24689
21599
22243
1636
7402
19370
1056
31116
13841
32404
28040
16165
18197
28767
19170
11049
8722
137
15426
25004
3554
337
5759
16758
5687
6006
21480
25074
8678
18242
32051
10311
17286
21191
7862
14276
30778
19817
7642
16769
18635
2204
716
30531
250
15855
2677
9633
28948
6730
5293
14693
28102
3699
17067
13365
563
2263
22976
21619
2116
31880
15942
29793
6975
22914
6867
25737
6300
23090
1970
17756
8980
19001
18067
9241
23546
10861
26241
24304
18126
22048
25621
5224
2832
3494
6633
8702
2130
2577
5456
30222
28817
32319
9028
14583
23749
10519
10656
4475
4023
23823
8336
2148
23315
8433
16453
20333
23230
19936
14061
28511
31337
20118
31458
8571
31079
25583
3361
22552
24763
4779
16383
14989
8054
7791
22039
6225
16704
13838
3463
5985
29492
13575
27484
8674
19185
7759
23370
22280
1005
13392
30625
822
9997
21041
3452
25447
20595
27224
12603
14284
1944
20013
30516
27062
23962
8993
9382
18615
17879
10480
27886
8964
23738
13602
3838
15646
4309
2008
26378
27826
25136
24005
18564
23229
11233
25467
13387
12531
11229
28136
16160
13922
15630
7200
15449
8019
30630
18013
217
5233
11186
24131
21055
13613
27122
9321
22110
6496
3816
22294
5870
5682
1071
15944
28032
19004
11278
14587
27576
13545
11085
12199
5046
23842
1351
4107
29909
19242
15937
13865
152
22982
30714
26258
11233
8866
15491
15843
12388
2544
27473
14736
604
11602
31889
15840
20092
14842
3771
15673
5161
28175
29290
25758
12262
18771
10347
29046
27152
12548
1556
5263
24011
2816
29655
1634
19516
5164
31255
12441
12281
30229
4153
4302
9405
24536
25087
14486
30561
9792
32529
3774
29191
12079
10461
13780
14489
11327
12961
15337
18802
26792
10182
30614
30298
11877
11376
13885
27064
1682
19539
8081
3075
22809
11208
29273
23930
12173
20256
32369
6165
8022
27704
17
11707
7951
31309
16465
30389
19244
29714
7917
9315
24032
0
26950
19501
24126
29422
8874
7869
19102
24801
8661
8043
16962
12325
10168
28665
29241
25245
21369
1153
18820
2391
6074
21419
14456
5731
5406
22307
32611
230
32265
28747
20594
28522
26536
1325
18642
23672
11314
27059
1302
26985
17005
26906
21721
21369
11891
932
20900
16157
28598
13453
23826
19863
4162
21569
18993
12487
14658
27340
13868
12612
28870
1682
21543
23211
25795
27456
12395
16951
26459
11522
11971
7058
95
3063
18469
4075
14355
9186
19349
2889
32561
17442
9799
29727
22576
996
30468
288
9669
26263
28878
8532
17067
9376
20679
10860
18080
27727
27471
16723
7344
12050
5229
12549
20149
20201
26480
9124
10783
16410
12758
29129
8689
29478
1388
31768
4620
6907
13751
17175
18352
9067
17555
12608
29504
27613
538
19284
26437
6723
25543
15091
18614
6732
22235
26474
5239
7386
4608
4300
7711
11190
10797
8516
27646
9603
28361
10409
5215
13808
20755
13907
10
7730
23233
1325
13837
25010
30695
11788
5308
11010
6171
21567
7159
32022
27351
104
11435
1201
15135
7562
24987
7709
11875
19554
25953
25375
27302
251
27055
21802
26592
7805
9179
30675
28833
1349
29339
28549
5624
18235
4365
30838
6803
30304
31482
18905
6439
16807
26203
14678
27155
21510
30236
12983
3136
10700
2593
22500
5451
20533
20615
23825
27878
17212
31788
30006
22395
23984
17521
25279
5139
3978
4670
133
4471
20094
32327
22270
32404
29904
1166
4528
14884
617
4393
26860
25995
29738
19014
21432
7935
9600
15212
5645
9964
28729
17924
32579
29847
32406
31511
27849
32257
929
16985
25881
14094
19904
29287
24299
3046
26507
15949
2217
23196
15067
7243
9252
12302
27171
2521
19077
19468
21508
20712
11398
12476
29979
12907
8930
16700
7198
6678
8969
13194
9255
16229
27673
22945
10575
22497
10
1509
27519
16031
15656
3777
21379
13577
11207
13711
20064
8416
21554
29880
29416
27522
12516
31004
9611
26217
4347
19124
11888
22773
32489
26741
30149
7019
32621
23416
23123
25405
15554
1369
22101
9356
29206
11741
26250
11499
11069
5079
26505
23398
11431
1356
23893
6595
6031
17109
22833
31495
7798
12869
29109
9020
24016
9356
290
23666
11517
13019
7667
32004
31610
30473
436
796
3673
9014
21015
2425
12782
15534
69
31088
13260
32271
12914
7729
14576
9391
27572
32076
17467
11576
26133
6260
294
17301
21223
31874
9905
27154
30039
16829
1692
7102
19269
24920
7386
28180
14419
1084
13123
30171
26428
12040
28041
29515
21864
28502
20845
2417
15549
28225
7986
1237
20407
3108
3666
30041
31675
27043
17009
8036
9640
496
3215
2112
5296
14919
19585
8641
32614
2747
1698
22824
28439
9269
454
3398
27998
14266
367
12261
12275
17132
28740
5731
14020
1492
3774
15776
4167
1502
31269
1307
14350
16933
8123
9559
17308
31985
28727
25988
20855
15998
26484
21595
28286
29952
15467
2122
25981
21987
19807
10961
11519
25687
7255
21292
26467
16652
28625
29746
10546
10042
27573
24957
31152
15077
13960
12235
16817
3167
32482
29860
7342
29966
29986
10557
16408
12655
3424
13469
27884
23643
7587
24830
8072
12170
11348
16502
29117
11605
755
17622
25381
6080
22793
3795
31671
22711
11102
14435
31896
16280
4971
7786
4916
14322
13074
28054
17038
23949
2189
30343
30420
4522
16037
3380
30519
30091
19748
30602
10746
28214
32140
12118
24264
5495
10249
31588
4938
15396
15525
9192
26105
24996
27835
17950
11057
17586
2222
2862
22663
29023
26074
18002
14941
28758
24779
15930
10164
31588
20397
9648
10305
23352
30980
1912
16578
21095
25246
10618
22930
14771
3269
11043
29563
12684
28089
25352
7884
3287
16733
16332
26796
22767
304
12356
12974
9961
6271
22234
10406
31261
10457
3119
18618
32737
29380
29957
12732
29848
13998
12123
11191
23020
8742
23257
7879
25175
7500
111
27694
13800
3206
7482
23973
29764
23157
21671
7920
6123
24104
3546
30133
7868
29071
81
11150
7100
19506
29636
24157
5651
30242
14160
10976
22871
26416
5077
25989
6925
9822
15773
21887
6509
32147
2366
9753
5990
5523
26561
586
23010
3629
28163
3722
2635
26295
27484
13541
8782
19127
21375
30542
17631
5859
32673
15413
10365
10828
2782
18780
30391
22486
19928
24806
17647
3051
15777
13489
2654
31344
12763
9189
14168
26872
22045
30413
20945
26936
19097
3302
15137
6076
14332
12598
772
13016
23190
2271
27621
7648
18619
20468
1116
9371
30825
22667
31221
4854
18474
20
2355
29942
3900
3817
11988
4848
30960
13862
32343
32252
12112
8122
16828
16551
6404
17598
18059
2024
11895
32262
31767
22614
10805
758
18180
9111
6296
19095
11783
21020
2723
746
17389
5387
28718
4733
29407
5245
23875
22587
3300
19946
16073
7560
17831
14049
16991
28302
31099
30717
30091
19665
26012
21524
24596
28682
13751
4017
7596
2354
2733
27845
15058
15325
24213
3737
22775
16841
27136
23047
24032
27831
28288
9706
12875
31353
2667
20435
21461
28493
31196
2302
15899
27241
26875
28548
28448
10455
15230
18385
2799
10883
28016
27225
25217
11667
28977
14727
25056
29686
11967
13302
10637
1856
2099
30436
22303
28341
1935
17636
16686
2979
6582
25810
10863
4086
31420
27916
12320
17158
14176
20191
30631
2227
26583
13888
24438
24244
1996
4541
14129
17452
4004
22195
17171
16254
13062
21952
3726
30307
26779
13179
21041
3130
7954
22883
28879
15007
17256
29462
20446
22590
31846
19396
3869
16873
16235
8162
25466
23017
8811
14115
6450
4498
3896
23204
314
12571
15360
31590
19934
20908
3351
7426
8872
15799
17399
22680
23427
11148
8070
3081
20256
1576
20887
2406
4249
14414
28082
23208
29780
11738
13592
28065
23595
32593
25602
15410
3785
31676
25642
17599
7767
1207
2188
26336
8793
28869
13934
30809
18642
26598
8094
9805
687
28268
29179
30382
20322
4618
8246
32248
27598
27950
10202
7455
26723
29840
30858
23493
27274
17163
24714
12977
7491
22445
8834
23165
5388
31242
6270
29326
11014
14549
2104
5194
4947
14001
3226
9860
12994
14660
14463
1339
30638
11917
22202
20869
14883
7288
27481
32198
26435
11952
23083
27173
31720
22197
22143
9537
4747
12846
47
9503
2149
11136
20957
3176
32211
2207
17533
20433
13823
23589
19475
20442
6589
3233
4542
15035
25011
26161
3830
19099
11197
27219
28178
13316
32656
20984
21517
22676
1693
30170
30601
4597
31544
4368
10516
10511
4857
4575
12459
19835
26722
27860
9340
8507
10179
9743
7408
11433
859
1250
27113
20142
12992
9627
11593
32052
385
23965
32435
27102
12553
9654
31893
24310
12742
32428
28262
26791
30603
1049
23596
7788
27955
8569
16194
8392
19336
7554
12376
7992
22371
28596
14011
31334
19220
5168
7383
22175
28419
20941
28154
12935
9624
9833
346
22027
28249
19837
13914
11672
9298
5364
17929
25994
31674
29758
19947
23016
723
6560
30717
11854
10770
25038
25587
8746
6016
28091
13764
29995
18784
19120
28008
28663
19474
24732
27616
25885
1847
6827
18808
15946
26134
32281
24905
27071
24383
9033
13825
15362
8045
17681
5095
6612
23473
23128
5145
32356
3789
28132
25880
12738
9694
10349
31879
17302
24639
16630
5680
7698
26281
18269
9288
17701
23967
32048
5364
5618
30473
12482
4364
6784
18207
20094
6174
17843
24712
7292
7606
11131
31683
21586
3036
2379
11719
3885
20191
13005
29158
14368
20049
14036
2807
30907
30547
20626
32692
21472
15379
30987
13921
25298
11410
11465
29615
26767
3243
14801
16607
12128
2897
10711
32042
25774
32536
7342
7777
26391
19446
9986
25809
15041
22091
2377
1641
6126
10016
21239
5407
18385
9644
17905
9359
17313
2589
3653
29413
18923
28053
8728
6398
24108
7026
24032
1482
26271
2002
12499
18677
23636
3926
28062
28870
16770
25639
4955
32583
21022
19511
8893
15014
8876
5322
21390
23771
8534
24372
15964
26251
11579
10980
20079
6444
14345
16545
4094
23659
9678
25364
11938
4810
24331
26759
14346
8590
18699
8684
30449
12248
6258
13089
31309
24850
12825
16498
7369
3724
3609
5472
8310
17511
20774
10400
12989
1459
4127
8551
27801
7124
29154
16869
8963
29994
9061
23311
7085
22257
20995
11682
31218
26213
8211
23653
30733
19754
18367
21422
16522
31980
24596
18983
31739
22083
30805
16082
26348
14041
32149
6219
1049
13006
7812
18766
16094
32091
8586
7800
4590
17590
24850
6482
1608
1334
25129
31883
7783
6072
14663
28037
441
32577
12652
20244
31827
14821
26991
14722
9955
6375
23443
13270
19174
25633
860
4693
22299
19622
5537
7754
30775
29351
32481
27395
10714
659
7131
31772
21442
11650
24664
8448
18239
212
24652
10668
12518
24853
28445
22710
21130
11300
18755
13966
6504
18069
31761
10757
25762
6227
32722
31243
4079
15498
14360
7357
5776
26820
20049
30623
25222
20306
6811
29989
7170
237
3802
4985
3357
4509
22535
20600
28105
1242
10699
5885
11271
17649
26700
4451
1115
10666
9287
1349
32381
21032
7519
7304
8786
22032
16052
16284
31002
4590
18872
25854
12011
4820
9022
31234
26718
25924
30420
18639
8328
19279
9299
32683
9004
7679
11188
15737
30510
24051
2853
18303
19787
14153
17244
19565
18184
31937
30252
22683
10728
24094
21334
24467
21218
24016
18337
32463
32274
18897
8749
24004
13999
15309
9220
20255
829
25733
11762
5966
8708
9845
151
31810
27072
17332
17082
627
8858
8989
16864
31525
27479
28844
8477
18410
32464
7466
27179
30569
28066
269
13497
8029
8230
9882
22533
6113
13476
32588
23213
31722
3523
2169
5315
4885
9540
9011
14367
2211
30448
9069
13049
5057
6095
23134
8375
29965
19867
8235
15619
27991
14964
8384
3361
4516
28885
28670
13183
8313
967
10524
8590
15446
26453
7495
7121
12160
13631
21900
17460
7427
10739
27640
7838
17144
28088
32766
17353
12804
32301
18968
13906
7713
19442
4785
3596
11425
24741
4163
28058
25456
8464
28861
30269
7577
32672
4647
11754
10507
13081
11912
2976
29086
17801
32520
7672
23889
3963
6738
32766
15829
29548
4668
4159
31568
28035
5290
7715
23643
19324
5039
381
3916
8422
14582
20577
22715
19342
10337
10038
2879
7227
21999
14091
11385
30619
29411
3631
27476
894
13859
20219
19338
13378
990
18675
10859
20110
14449
10254
218
12612
6796
11857
1688
31664
14480
11170
6853
25606
13628
10204
5539
21003
18313
29471
26526
4626
29138
4202
10633
13354
13368
11883
555
27542
15941
8853
1274
637
25552
6772
28198
13795
22816
30525
24537
3544
31316
1962
1214
1519
8705
5124
15296
6642
21278
28801
12564
2772
14877
2513
2169
28647
18779
8180
31934
26703
29882
9038
6277
183
20620
26621
27720
8515
6068
9066
26009
6085
23815
26654
11182
4659
27641
5080
9500
7513
7285
25564
2787
31691
7692
9101
11435
26910
32338
10558
19021
7511
28293
5446
9877
9380
3184
1874
14151
24394
12943
15872
5727
15839
4980
21673
6301
3513
9321
4989
11585
27046
6999
1494
27412
8925
999
19142
28327
13877
12262
21490
28127
8597
1774
1700
9393
11692
31043
29467
32555
32738
6651
5670
9396
2190
9314
22769
18580
8553
28828
17182
25527
28739
7052
4887
15277
25076
26101
12451
23286
20886
3807
11704
24189
12273
11581
18833
15458
16183
19660
10751
26620
14066
21054
16132
30495
25658
27288
1182
11418
6699
2521
5857
3076
1686
15580
19528
23225
16119
21119
19021
12831
6567
8197
18487
1838
10067
25785
29748
19247
24749
4308
11943
2499
23649
29601
4035
10280
8523
5343
27481
10680
26855
15719
18158
7602
26121
29455
30225
6717
25550
27597
20716
26794
20690
15392
14616
18170
2723
17579
24758
25248
32118
8995
1979
28808
27673
10860
9099
1623
29737
9727
9418
6389
8837
27791
20334
17481
11266
1516
22809
16451
7777
26663
16807
10016
7550
4087
6658
28905
201
30811
11582
18493
25850
13697
16354
7249
1537
14055
22915
5173
30012
29888
19608
18265
32749
3225
28809
24399
23019
4412
16905
1746
24728
4565
23974
18952
2578
7251
2206
19460
21678
16145
15349
30095
19106
19894
26052
296
28161
27994
21716
2121
8429
11242
619
30188
24072
9933
11878
590
21803
1223
392
7155
16475
18206
10770
25066
1272
13820
9876
4946
30008
27669
13058
6173
17876
17801
3082
1812
3073
13836
31909
19739
22434
19012
27117
22967
15804
22642
20782
29901
26410
9301
27711
8621
30610
31308
28691
13134
24727
1466
6539
30171
30032
26286
31886
4463
20985
19140
18780
2590
27625
3398
31775
308
24004
8855
10948
7105
17394
21202
25864
12885
15696
1966
23254
11784
25637
12709
15568
14013
21335
2133
2860
5800
3039
10790
18113
30478
20090
24365
14433
23116
15777
848
17002
30491
23484
23467
28824
22802
14739
23347
14877
27245
26885
6809
10740
19212
2044
1906
24946
6335
30624
3732
10526
3264
5067
17859
962
4737
32445
22669
30658
15272
21778
15474
685
13656
24049
28744
27410
8883
2949
19166
25749
157
24497
7392
14913
30402
2303
10746
29472
14810
19418
15680
9481
25388
3070
23758
27066
24912
2604
24747
10791
26170
10786
28916
13329
30324
21706
12086
19929
32171
19122
3867
15511
3181
31420
8777
28775
9009
12567
23431
19203
11928
12909
3361
13463
6386
5982
9870
29392
5380
31790
30033
30262
1545
22714
27933
4541
10486
5297
15164
20630
25346
11264
10546
24139
22886
30606
4765
13579
13921
28202
29279
1603
16256
29122
19199
4462
8476
31957
28237
23853
4900
17450
26693
1690
15133
8387
4406
6873
28518
22029
2852
12017
16321
2137
11882
10714
26383
30607
10659
29912
2651
21025
22731
1543
26906
13375
6050
31030
25265
10058
4945
11000
30008
13706
24400
2553
6526
26147
20871
4751
8269
13637
27060
10385
29935
23716
18444
17260
26864
40
30501
8307
27942
4837
3347
28535
23535
2125
26578
11672
14522
9636
2276
8794
2249
1973
21562
13052
10549
12484
13912
5
17970
12995
30133
287
22420
18889
13152
4904
18066
31423
24297
11399
8394
2653
8575
11196
31878
24661
1110
29755
29246
10957
22092
19835
20318
22035
5323
14410
26184
11404
23537
11875
8093
13038
8686
66
12473
5295
16814
17719
7036
13502
6329
4538
23376
13936
15447
26622
25447
4797
2551
5833
21061
3500
5841
31362
32383
8204
17099
21644
16578
10597
29337
11474
7958
32302
13609
29091
15716
9792
22590
18881
14134
24459
12379
19636
18111
14600
6114
5476
23835
23022
27005
25319
4056
18729
31165
15256
32692
18696
21505
18025
7336
6966
16026
20090
27430
16619
18988
9450
11936
2915
28759
21741
7497
4240
1431
24094
287
22540
617
26903
27177
21585
26544
10815
22013
31788
16982
26340
28806
6255
4662
20618
20996
6631
6202
10882
24148
2957
20416
28094
10610
29952
5955
24291
1340
16691
19511
19104
7289
32099
24116
23615
16153
1101
7511
17017
17342
27037
18406
5775
8828
14761
6962
14742
11485
24927
27586
7186
1833
21116
2221
9159
18148
14336
28232
9164
23191
20190
3073
6881
7892
14071
8587
11266
17524
20553
30524
1341
27683
30820
30131
10432
6943
15390
24765
19510
27964
20872
14714
16980
10284
28193
3003
8878
5117
19785
10927
9168
15587
31480
8383
23434
568
13999
22198
22923
5825
687
13861
20529
22067
13162
19206
16288
5109
4919
10399
22290
18216
28233
5545
110
14309
6882
17330
18971
4549
20932
5568
8982
32679
27369
14903
7490
13485
21107
7164
10752
1672
18918
28379
1280
31990
18837
23334
16727
31368
5722
3231
11473
25257
24458
10392
32136
24796
31016
28505
32181
13637
1625
3266
10695
10859
10264
23602
29874
6204
1067
9127
9866
6226
14422
2598
2384
20340
3534
19805
22540
28768
240
31367
9243
23495
28979
11920
9419
410
3420
8569
9509
26500
20465
255
1034
30904
8175
24183
31362
748
27071
13309
7248
1189
17511
17613
18122
12470
30462
23793
29159
19203
29282
13341
6042
17035
4909
30679
9566
11430
16356
16602
11282
1418
14194
30653
16904
23060
9173
27856
19289
16070
17688
10055
7291
14348
18561
12186
11029
30659
8203
22827
16657
5115
28182
20266
26099
6908
22878
26805
29290
10376
23850
2116
549
24672
27078
2629
14312
29194
26930
1795
2015
2512
31772
27596
31794
21260
780
12115
10201
28579
18399
9555
15282
2256
23414
13685
29137
23843
31663
31092
17175
28617
5524
1663
6918
15629
14291
26079
32211
6175
2415
217
21693
5652
6324
982
21662
10799
5744
31937
12992
22367
20832
14513
7153
6920
1513
9416
8666
29958
22024
13915
4748
12528
32140
7762
28252
21657
5763
19410
28657
22493
498
538
23195
2458
18633
1451
742
17916
2325
9388
17776
25086
17272
7820
24567
28717
7382
12009
24758
17071
26706
16305
8178
20101
3449
1671
30672
21517
7868
4456
11881
28875
13348
1678
17952
32360
24129
7060
10292
25339
17764
2012
23953
13960
18702
30254
18924
25030
13223
14753
7438
6694
22131
18879
28272
24336
8643
18916
14089
23664
3432
8167
7524
22129
25965
24060
18421
648
20230
985
10669
29109
6595
23320
31948
28678
12553
29405
24567
32092
16835
32440
18826
17265
26709
7373
17711
11546
31441
18226
12208
714
17262
29848
25865
12376
16182
11310
5314
6146
13566
4290
12411
5809
14491
10025
10441
7551
28243
23522
27712
1142
8850
3062
23761
31386
2526
5410
12119
14122
15629
12600
26988
20516
17846
8387
29057
23047
20197
26858
25902
13532
19987
10391
10694
10871
14421
18648
27439
16891
6099
3205
31984
27804
5500
17187
20876
28585
19192
8968
31759
12233
28894
3776
28646
16773
15656
18864
29427
25350
1508
24569
30177
17184
31788
17823
18101
14736
4951
28907
20902
21634
26737
29709
25647
24407
15849
23046
9826
18084
24458
19141
15999
32126
684
14992
21189
18421
30380
10406
23944
3806
14745
12579
1924
8406
17712
30243
31857
1155
10251
9258
28120
16413
16149
5572
14372
14893
9025
23144
24060
6037
8060
9378
19920
15057
17120
25458
9650
18556
25386
2799
26984
21782
9070
20527
24255
8196
21257
23659
1058
32728
14552
15199
21866
25555
7847
2288
21240
3752
12524
8721
32513
28291
1718
23783
17706
13898
26080
3115
85
7203
6026
20945
4794
24886
24777
1255
17465
1716
29598
11967
23278
21528
27685
25424
8711
4781
11791
30938
21202
8784
13906
25289
5146
19319
13599
13276
948
29298
1045
2950
32341
4081
19636
29333
6567
4807
29460
27409
1179
3821
6359
14183
16896
24010
19548
7366
29013
5041
14389
9418
6619
28332
26332
8792
11247
8824
28321
32201
11415
9680
6631
3146
16219
25839
24464
30338
598
32080
16310
29302
28812
26296
22684
21674
15998
11638
18404
15497
25852
8681
11266
24583
20027
8516
23024
14981
22823
23438
6947
8949
9978
15085
1983
3390
26382
20515
20743
31458
5359
26713
4119
24286
23733
12316
27861
30930
6545
1957
12581
27489
8869
27741
7260
4571
23065
7072
2808
22809
12907
21185
18062
8105
7686
20559
4611
24876
7447
31383
17919
12539
23964
20330
4511
18449
8637
289
13162
10789
24672
25821
16007
9750
21496
5652
16429
13708
27549
29513
22874
32733
21090
22554
8392
1069
227
14464
24861
11994
3357
339
1889
24087
11395
25100
21942
6614
7246
25551
11843
748
25620
29097
2674
15727
9884
13846
29275
23139
29937
29126
2176
1174
22453
12192
32186
29897
696
31240
371
28944
26313
30045
534
23420
5580
966
20932
5110
11533
22063
841
12654
14804
3726
4942
22070
19514
22379
12751
9128
11322
5279
16336
4367
25867
4444
21836
10693
6829
20333
25455
30360
24003
23487
18181
5746
29088
19489
24369
19002
14500
19016
31842
30709
15049
20502
15235
26929
31353
31004
8562
18595
2979
3421
2740
8975
8461
10580
17255
28520
1004
10041
23415
25145
10674
11649
2837
4163
23591
1700
15205
9319
10171
9762
1911
11463
1050
32456
18809
17193
27394
3631
2091
5276
20817
16775
22675
3165
13923
6034
2033
9723
15770
9203
8693
10938
1598
22441
10032
24117
13704
13015
1993
24136
26361
17350
13937
14893
30448
5932
26520
1253
23420
32175
20705
26330
32623
19109
31956
29378
21428
28702
1748
16838
2786
7204
21328
6884
13072
15169
6205
10642
8684
1090
18883
1956
26375
28987
16182
7791
14451
18891
9289
9007
3472
8865
2686
12966
23587
30271
12001
20486
11176
15102
18422
19217
29418
6739
28656
20863
29648
11600
32547
12192
2426
25198
27324
1090
7308
28809
31664
27605
12746
31532
29170
26317
18150
19471
26601
32584
29077
17886
2593
29169
29928
29756
30529
24100
16602
23816
23613
16723
4134
30431
8396
16808
6235
26850
14365
3051
49
30649
27077
18599
4126
17368
9981
27784
20773
15616
16394
26632
3567
28425
3580
31306
27164
3040
25755
11078
987
22220
24735
12583
21432
21749
26143
17649
16054
26406
25420
10855
3742
12498
11103
28460
17558
28757
32208
9512
31221
11389
3529
7213
17238
23369
7642
24283
18924
26096
1006
30401
3861
11813
10622
15300
3633
30874
23556
12997
12468
24771
435
16254
18554
14812
1637
11693
1115
301
5333
21877
4864
17805
28686
24321
26612
10277
291
26986
22270
23158
27937
6363
31151
15774
18242
20467
4919
1750
13155
6250
26237
3392
3256
32504
12910
9440
25791
26226
18580
10983
28274
5687
29163
10040
10689
1994
5617
10021
25407
14272
22525
13689
23580
32221
7889
5052
11859
12410
14962
6322
16676
5929
7224
22565
25029
28828
21793
30692
21589
4035
20074
22028
28945
21557
28769
25734
8650
465
11125
24017
21399
15269
6031
14082
12487
9743
7589
29449
14105
29729
24460
15157
32304
25674
21005
24827
16961
28723
15676
11507
1807
13288
5893
7971
26393
20536
27656
1152
25361
19550
19111
1458
17809
15073
25692
4888
28426
9656
22864
21004
7677
1458
25130
28520
1901
18709
19493
31560
21396
11653
31590
12818
21205
28968
26508
22196
32498
7944
18056
557
7295
31417
22959
3151
4246
20283
4365
29123
16077
9505
30973
23373
869
9203
9719
10833
7620
8914
4776
11927
7973
11354
9288
26955
12687
31181
18728
328
19203
10605
25994
19606
8442
13353
694
4912
28687
26236
29770
28427
27640
24723
26578
27989
27578
25006
4760
21754
9757
25288
29118
13933
4702
17530
20617
10405
16677
5149
2304
22374
16822
11311
12982
18113
26475
13303
13284
28638
866
17004
26810
6905
26227
10324
21751
6827
16229
9641
5048
19563
10593
3648
31117
596
32422
8621
7378
14889
17279
6753
14397
17814
15730
14357
7091
18360
2747
18796
8032
11232
19961
30931
19718
31124
16934
24748
13205
10711
19148
10925
6397
25003
21622
16002
32320
13779
6501
17338
10699
23517
7813
31456
11270
27744
31904
12776
4650
6787
18896
22478
15187
1214
14138
29561
982
741
14073
485
15060
5474
15961
32641
5647
22977
30790
8406
6141
10355
31748
32362
7195
16331
23584
14308
32132
8269
8614
21104
3010
32296
1940
22117
16868
27649
2703
28710
29648
8946
8405
6214
26075
3027
11891
1775
663
28088
2488
30340
8940
26042
9193
31109
7275
3067
10806
26547
2526
27108
13037
9845
548
9649
19182
20603
12604
1840
30559
161
1951
14789
32672
17430
29651
28594
4993
30653
23101
19093
8627
5331
16183
11570
29309
12499
22370
23155
23216
13462
29245
1453
6877
3775
29431
14373
16069
25942
19330
12243
4369
2739
11753
7014
30532
14750
26595
22408
18925
23732
7336
4450
32033
25869
20739
29283
11560
29723
32169
14653
25463
23765
7113
25649
10206
16405
24548
20621
12803
18495
5855
29555
20239
18468
22871
4059
20391
16678
2356
3547
4638
5276
19841
22311
31977
25720
123
23764
32083
26407
17383
10849
24178
12984
12201
10743
3161
17217
20115
32240
6031
16510
23931
5015
3264
18108
144
21294
29875
14069
25326
4406
4220
21053
29807
9450
9715
9308
14788
18445
28772
445
25285
9189
2440
7303
6918
12168
24244
29961
18603
17238
1617
10587
11645
1479
2444
26690
7741
5479
30286
2901
17464
5150
19823
7262
7451
30645
8487
18947
11529
17302
30661
4006
5867
4051
18083
5257
3847
362
6489
1590
23509
6088
14641
29214
22797
29579
26843
25216
12549
31372
2146
17036
16442
32029
13663
19913
22316
16527
15213
3764
20080
4856
26844
12458
8448
19506
7082
10503
213
24615
6830
31632
6584
26188
3863
7694
30293
14956
12821
16188
15249
6823
726
29923
11805
26298
6324
5444
13899
25729
26029
16310
22049
11706
32019
22672
17837
11019
12932
31817
10647
16455
9501
11742
6141
3565
2795
17524
24442
27633
20642
23615
17544
447
24978
20130
10505
8062
11222
30104
21024
15505
13519
15954
16453
16228
20945
20258
19865
29285
22811
17559
1654
19024
24333
18922
28747
25008
21397
4248
12967
19875
5099
27473
22163
12253
17534
4113
4133
10735
1838
17805
18002
5577
25019
32720
19716
10110
26749
12326
1388
23624
342
19513
22682
23244
21222
20602
16459
10399
13309
16834
20994
22792
12118
29241
90
6408
28546
3448
1690
15511
10018
12266
12938
12593
18777
3448
133
31121
9857
27493
15824
5821
16669
29046
9514
578
28431
5719
10660
7617
6924
11066
25523
15274
14924
19137
21636
9544
19078
12062
29583
16894
27675
13177
14959
17360
27794
1169
8945
32036
21828
17575
19307
17354
21080
9880
13647
1339
1522
17481
20991
28702
7080
13383
20963
22289
12342
8879
27066
12453
24946
29004
557
22698
6786
8960
1450
30382
28748
5733
16495
11712
8750
21427
1765
31098
4847
29157
5680
23614
19958
22295
25348
17087
27834
22579
19130
16579
28794
31692
23203
2856
25646
25674
8604
21285
23229
9544
16354
26323
7536
2106
10536
15084
7847
1107
19687
16850
1227
28070
6390
13267
24963
8075
2650
11435
26923
9796
16479
16970
16002
11232
17896
30936
9890
11360
1283
14327
14646
13593
6336
9544
24807
13145
28996
2096
16407
5709
32281
6876
19922
18466
21192
27778
16129
17003
31146
14570
4065
16835
26875
22830
16820
23731
20016
12734
8375
470
9098
16806
9811
8506
17388
14100
19351
1290
28906
11540
24550
7530
32546
30367
14317
17315
7375
6868
18648
14464
26267
26245
966
25080
16053
14069
1402
3084
6692
25056
28243
12531
14427
24252
30334
3189
30989
5439
4714
32405
17474
29985
15228
370
14507
15139
12549
13935
5170
1872
17777
20114
2774
10371
3009
21034
32694
16681
31035
2997
21611
10568
20319
6656
17051
12737
25118
28048
29643
11474
3655
13633
19317
24542
29762
32301
5979
17009
19200
2767
6682
11903
24370
9577
9218
26092
4793
29090
11813
4433
28766
372
11182
7166
10180
12613
1397
4411
1434
3924
29648
24276
15381
21079
10923
8404
3998
9059
3035
23184
15304
16139
21423
16615
9348
12748
29640
31177
10136
13225
4139
29942
8781
26386
21141
16904
32616
32522
2063
1972
24924
4233
15553
77
15550
4895
18955
8073
30457
21723
2770
17800
23875
25963
10776
8978
2000
15492
16336
13089
32069
8069
12272
28063
10863
2647
32711
6000
565
8087
5521
21427
22987
25591
5705
23109
21801
18657
21950
30599
30652
19038
3305
14690
11611
9271
19070
28040
24444
25178
20929
21756
27304
20606
23451
12500
2092
3338
28141
3134
18
17203
15652
26561
14159
20581
19470
10693
28222
22757
15852
30806
17229
4020
3784
24613
19959
13750
9736
27855
26098
5139
30532
5730
27305
30174
9557
10270
7916
25845
23470
1144
27878
11816
20976
27237
9808
28829
11704
8148
5349
15474
14011
9596
28438
1189
4374
22489
1278
26673
29151
8561
14744
5754
512
8796
7216
21227
25413
28931
13847
23518
2995
22568
24731
14524
27420
13863
14134
13157
3824
24955
31238
210
14422
13955
29821
23801
6267
12934
15450
7664
10026
16374
23768
598
18334
6129
16933
16111
12180
23821
30997
3982
17572
21333
5912
20280
25552
22927
24170
23430
18270
1985
29321
18251
32483
5875
12524
8311
11681
30261
498
19771
786
12516
13849
17518
8645
2602
17264
9520
26729
29124
30543
29133
20776
13832
28741
29156
23350
5926
29778
32712
12969
8110
30550
17702
2699
26194
26058
10984
23853
7406
1966
90
1727
4293
4034
7563
28190
13
11001
1271
12269
26799
9259
18530
32743
13384
28682
13575
13427
25971
13655
2802
12409
10826
9558
17323
8053
30762
14463
11284
14282
5303
9078
21908
30552
12320
6205
8821
3664
29861
10153
29067
27719
12118
22290
11543
9098
30237
15951
16618
5810
28414
16865
15310
9336
7326
15727
8225
17866
21506
12915
10179
21022
16282
20274
32563
24070
4990
25073
15348
26628
22263
3174
4662
18336
26433
19309
3506
4793
6031
9980
20950
27929
4688
7769
9506
30284
24497
9354
19410
18865
13667
16654
30141
17617
29598
10442
17277
2032
29542
25414
9936
25826
2573
20505
8766
12320
26105
8354
11260
10267
10407
6649
14353
26320
25072
13093
11703
4509
20619
25488
19460
15187
3028
13752
16841
11404
31435
29222
31931
1599
15456
30372
29648
29329
25838
3499
28908
22510
13573
23067
7613
16985
11628
11054
22499
30464
9318
19631
4181
26132
16437
10087
14848
28375
31453
17881
2993
10743
4906
4399
6452
11802
3828
23155
1982
698
12962
1026
24968
13619
4589
24382
19645
17434
7655
4740
10646
21713
21563
7006
23491
26456
29622
16633
17166
31846
23046
2777
10043
25017
28354
4043
6962
6314
16299
12571
7008
2820
12850
5640
27482
534
28218
31605
30403
5127
26142
11233
14705
31594
8182
13209
29387
3346
9238
9516
10357
16424
13528
544
15408
31866
13212
7139
6395
8982
22284
260
15230
1304
5797
19107
6569
15552
28531
24103
11673
7368
26139
30511
10171
10740
27167
3530
3123
21226
32350
27882
16255
23108
19162
3350
18007
9956
31678
1888
15576
28295
4512
13463
18658
28317
1795
19645
3007
10073
28448
6843
22277
19716
29158
6228
10429
25494
18751
1624
12996
14471
9109
21786
29042
12003
3989
28963
5498
4509
21810
18472
17681
24613
24557
6714
30803
18748
7764
27453
29922
18440
31433
10395
11472
5987
20869
22330
1215
28537
2013
23979
17734
16786
10435
16036
15255
26156
10895
22448
19807
29005
16896
30757
1006
8471
26237
25686
21144
6813
27553
6411
7259
26869
21495
25390
15554
29327
16642
8135
6152
22724
9345
14379
30337
30130
5872
11887
12086
27720
30546
20003
26063
32413
14382
21821
24503
7814
32216
10580
13434
27751
29169
27919
23922
6217
28721
2524
26786
22829
28772
485
21218
28320
20915
7744
19773
24720
27429
19813
29079
29022
1382
17894
10898
30260
8646
16730
21171
2457
12932
25498
20161
19523
10317
8753
10094
10284
30976
16397
26170
18920
948
12667
14739
17461
30204
31826
9281
4564
5738
26733
15361
27031
6225
5215
15216
6332
23759
16995
27435
22393
17675
29074
9781
19416
31164
5977
32153
11973
19435
3369
16208
18277
4857
1648
25700
12458
11235
8905
10838
7461
32197
28783
23486
3355
10141
29432
3121
10970
15186
576
19303
16717
10741
5539
5021
207
17734
20335
30521
1597
31354
23704
20909
22607
10811
31918
32669
20264
16881
17933
25156
6699
31296
31316
12820
22545
24273
32536
25756
30008
854
20185
10671
17470
2504
30260
17347
1231
24051
29019
16279
19643
18997
32195
20249
1868
18819
13340
19334
32470
15020
32390
8915
9359
22754
16130
13388
2721
7542
14886
24699
